###################### PLOT HISTOGRAM OF PIXEL COUNTS #####################
first = [0,7,15,40,52,61,78,80,81,98,135,147,159,187,216,228,256,287,288,297,323]
first1 = [369,441,450,467,547,555,556,590,664,690,716,728,746,770,815,822]
first2 = [842,855,981,1032,1118,1216,1307,1313,1327,1349,1380,1406,1459,1595,1625,1634,1639,1769,1828,1883,1892,1904,1907]
first3 = [1916,1955,1987,2053,2074,2079,2094,2123,2125,2130,2226,2338,2356,2430,2486,2516,2581,2703,2755,2787,2788,2898,2931]
first4 = [2959,2962,2996,3088,3204,3216,3512,3610,3646,3663,3702,3895,3902,3920,3951,3960,3970,4039,4086,4128,4139,4251,4310,4345,4511,4514,4625,4804,4885,4957,4997,5050]
print(len(first2))
print(len(first3))
print(len(first4))
second = [5074,5102,5141,5142,5191,5242,5342,5362,5426,5450,5468,5629,5700,5739,5745,5815,5843,5913,5987]
second1 = [6141,6229,6262,6391,6410,6415,6421,6525,6548,6640,6655,6662,6692,6694,6694,6706,6789,6835,6851,6867,6906]
second2 = [7043,7104,7157,7161,7246,7436,7463,7568,7617,7650,7665,7790,7830,7838,7947,7990,7994,7996,8034,8058,8100]
second3 = [8150,8166,8306,8557,8726,8739,8841,8901,8951,9006,9038,9108,9196,9247,9256,9435,9502,9613,9625,9674,9887]
second4 = [9980,10070,10114,10167,10219,10315,10468,10531,10536,10543,10551,10702,10748,10772,10935,10946,11047,11117,11124,11343,11345,11461,11574]
print(len(second))
third = [11748,11781,11864,11867,11918,11920,12030,12052,12138,12180,12284,12428,12464,12474,12488,12557,12561,12742,12842,12848,12935,12964,12972,13085,13125,12166,13211,13225]
third1 = [13264,13282,13416,13656,13817,13910,13932,13984,14030,14079,14089,14094,14324,14335,14380,14402,14436,14443,14517,14778,14803,14915,15063,15119,15152,15154,15161,15220,15270,15423]
third2 = [15445,15452,15593,15740,15855,15912,15942,15957,15996,16069,16080,16110,16236,16236,16246,16311,16358,16418,16549,16754,16772,16816,16872,16889,17107,17235,17370,17431,17613,17656,17809]
third3 = [17838,17845,17913,17993,18046,18199,18228,18369,18464,18469,18476,18576,18583,18589,18678,18751,18933,19935,18985,19066,19098,19174,19184,19216,19265,19287,19318,19393,19519,19526,19635,19672,19753]
third4 = [19857,19900,20140,20140,20173,20229,20333,20468,20528,20548,20609,20699,20716,20959,20964,20978,21056,21077,21149,21174,21174,21192,21268,21325,21444,21451,21606,21636,21669,21686,21723,21734,21814,22103,22142,22193,22361,22447,22478,22547,22729,22777,22778]
print(len(third4))
fourth = [22790,22823,23105,22108,23208,23233,23235,23244,23262,23290,23369,23388,23593,23661,23696,23780,23834,23888,23695,23982,24022,24089,24204,24241,24278,24344,24352,24413,24420,24479,24567,24589,24665,24710]
fourth1 = [24764,24812,24981,25131,25152,25234,25241,25282,25289,25330,25398,25506,25522,25526,25632,25779,25921,25945,25953,26170,26180,26203,26396,26678,26695,26719,26729,26767,26824,26940,26987,27028,27063,27146,27167]
fourth2 = [27181,27251,27255,27309,27310,27348,27421,27444,27528,27547,27618,27726,27743,27802,27879,27982,28050,28052,28073,28267,28355,28372,28393,28395,28400,28404,28519,28572,28581,28596,28789,28829,28911,28945,28955,28979,29053,29101,29217]
fourth3 = [29245,29309,29354,29419,29431,29501,29506,29573,29683,29720,29736,29822,29842,29969,30048,30130,30378,30405,30464,30475,30524,30646,30919,30934,31340,31462,31472,31473,31543,31600,31651,31823,31834,31908,31957,31984,32032,32142,32390,32481]
fourth4 = [32512,32611,32681,32750,32751,32837,32879,32891,32900,33014,33110,33162,33289,33328,33365,33379,33402,33480,33484,33489,33609,33623,33623]
print(len(fourth3))
fifth = [33824,33864,33916,33957,33998,34063,34113,34222,34239,34320,34360,34392,34455,34712,34726,34766,34827]
fifth1 = [34841,34855,34871,34905,34907,34939,34998,35034,35071,35091,35131,35185,35357,35418,35424,35483,35520,35648,35659]
fifth2 = [35873,35776,35880,35952,36003,36088,36099,36146,36148,36151,36184,36185,36207,36321,36373,36384,36394,36483,36547,36553,36662,36731,36924,36932,36956,37026,37086,37109]
fifth3 = [37129,37140,37329,37340,37388,37394,37467,37573,37632,37742,37819,37911,38008,38264,38434,38478,38663]
print(len(fifth))
#%%
for file in range(len(second4)):
    num = str(second4[file])
    source_file = sp.loadtxt('Sources/source'+num)
    yamax = str(max(source_file))
    plt.hist(source_file, bins=400)
    plt.title('Plot count histogram source'+num+' max pix='+yamax)
    plt.savefig('morehistograms/plot'+num)
    plt.show()
#%%
source_file = sp.loadtxt('Sources/source4885')
yamax = str(max(source_file))
plt.hist(source_file, bins=100)
plt.title('Plot count histogram source4885 max pix='+yamax)
plt.savefig('morehistograms/plot4885')
plt.show()
